TRIMESH "Box04"
    VERTEXCOUNT 24
        POSITION: -17.179804 3.736696 0.000000 NORMAL: 0.000000 0.000000 -1.000000 TEXCOORD: 0.000000 0.000000
        POSITION: -17.179804 11.383184 0.000000 NORMAL: 0.000000 0.000000 -1.000000 TEXCOORD: 0.000000 0.000000
        POSITION: -9.533335 11.383184 0.000000 NORMAL: 0.000000 0.000000 -1.000000 TEXCOORD: 0.000000 0.000000
        POSITION: -9.533335 3.736696 0.000000 NORMAL: 0.000000 0.000000 -1.000000 TEXCOORD: 0.000000 0.000000
        POSITION: -17.179804 3.736696 6.000000 NORMAL: 0.000000 0.000000 1.000000 TEXCOORD: 0.000000 0.000000
        POSITION: -9.533335 3.736696 6.000000 NORMAL: 0.000000 0.000000 1.000000 TEXCOORD: 0.000000 0.000000
        POSITION: -9.533335 11.383184 6.000000 NORMAL: 0.000000 0.000000 1.000000 TEXCOORD: 0.000000 0.000000
        POSITION: -17.179804 11.383184 6.000000 NORMAL: 0.000000 0.000000 1.000000 TEXCOORD: 0.000000 0.000000
        POSITION: -17.179804 3.736696 0.000000 NORMAL: 0.000000 -1.000000 0.000000 TEXCOORD: 0.000000 0.000000
        POSITION: -9.533335 3.736696 0.000000 NORMAL: 0.000000 -1.000000 0.000000 TEXCOORD: 0.000000 0.000000
        POSITION: -9.533335 3.736696 6.000000 NORMAL: 0.000000 -1.000000 0.000000 TEXCOORD: 0.000000 0.000000
        POSITION: -17.179804 3.736696 6.000000 NORMAL: 0.000000 -1.000000 0.000000 TEXCOORD: 0.000000 0.000000
        POSITION: -9.533335 3.736696 0.000000 NORMAL: 1.000000 0.000000 0.000000 TEXCOORD: 0.000000 0.000000
        POSITION: -9.533335 11.383184 0.000000 NORMAL: 1.000000 0.000000 0.000000 TEXCOORD: 0.000000 0.000000
        POSITION: -9.533335 11.383184 6.000000 NORMAL: 1.000000 0.000000 0.000000 TEXCOORD: 0.000000 0.000000
        POSITION: -9.533335 3.736696 6.000000 NORMAL: 1.000000 0.000000 0.000000 TEXCOORD: 0.000000 0.000000
        POSITION: -9.533335 11.383184 0.000000 NORMAL: 0.000000 1.000000 0.000000 TEXCOORD: 0.000000 0.000000
        POSITION: -17.179804 11.383184 0.000000 NORMAL: 0.000000 1.000000 0.000000 TEXCOORD: 0.000000 0.000000
        POSITION: -17.179804 11.383184 6.000000 NORMAL: 0.000000 1.000000 0.000000 TEXCOORD: 0.000000 0.000000
        POSITION: -9.533335 11.383184 6.000000 NORMAL: 0.000000 1.000000 0.000000 TEXCOORD: 0.000000 0.000000
        POSITION: -17.179804 11.383184 0.000000 NORMAL: -1.000000 0.000000 0.000000 TEXCOORD: 0.000000 0.000000
        POSITION: -17.179804 3.736696 0.000000 NORMAL: -1.000000 0.000000 0.000000 TEXCOORD: 0.000000 0.000000
        POSITION: -17.179804 3.736696 6.000000 NORMAL: -1.000000 0.000000 0.000000 TEXCOORD: 0.000000 0.000000
        POSITION: -17.179804 11.383184 6.000000 NORMAL: -1.000000 0.000000 0.000000 TEXCOORD: 0.000000 0.000000
    TRIANGLECOUNT 12
        0 1 2
        2 3 0
        4 5 6
        6 7 4
        8 9 10
        10 11 8
        12 13 14
        14 15 12
        16 17 18
        18 19 16
        20 21 22
        22 23 20