TRIMESH "Box03"
    VERTEXCOUNT 24
        POSITION: -4.189736 4.938856 0.000000 NORMAL: 0.000000 0.000000 -1.000000 TEXCOORD: 0.000000 0.000000
        POSITION: -4.189736 16.583008 0.000000 NORMAL: 0.000000 0.000000 -1.000000 TEXCOORD: 0.000000 0.000000
        POSITION: 8.962323 16.583008 0.000000 NORMAL: 0.000000 0.000000 -1.000000 TEXCOORD: 0.000000 0.000000
        POSITION: 8.962323 4.938856 0.000000 NORMAL: 0.000000 0.000000 -1.000000 TEXCOORD: 0.000000 0.000000
        POSITION: -4.189736 4.938856 12.000000 NORMAL: 0.000000 0.000000 1.000000 TEXCOORD: 0.000000 0.000000
        POSITION: 8.962323 4.938856 12.000000 NORMAL: 0.000000 0.000000 1.000000 TEXCOORD: 0.000000 0.000000
        POSITION: 8.962323 16.583008 12.000000 NORMAL: 0.000000 0.000000 1.000000 TEXCOORD: 0.000000 0.000000
        POSITION: -4.189736 16.583008 12.000000 NORMAL: 0.000000 0.000000 1.000000 TEXCOORD: 0.000000 0.000000
        POSITION: -4.189736 4.938856 0.000000 NORMAL: 0.000000 -1.000000 0.000000 TEXCOORD: 0.000000 0.000000
        POSITION: 8.962323 4.938856 0.000000 NORMAL: 0.000000 -1.000000 0.000000 TEXCOORD: 0.000000 0.000000
        POSITION: 8.962323 4.938856 12.000000 NORMAL: 0.000000 -1.000000 0.000000 TEXCOORD: 0.000000 0.000000
        POSITION: -4.189736 4.938856 12.000000 NORMAL: 0.000000 -1.000000 0.000000 TEXCOORD: 0.000000 0.000000
        POSITION: 8.962323 4.938856 0.000000 NORMAL: 1.000000 0.000000 0.000000 TEXCOORD: 0.000000 0.000000
        POSITION: 8.962323 16.583008 0.000000 NORMAL: 1.000000 0.000000 0.000000 TEXCOORD: 0.000000 0.000000
        POSITION: 8.962323 16.583008 12.000000 NORMAL: 1.000000 0.000000 0.000000 TEXCOORD: 0.000000 0.000000
        POSITION: 8.962323 4.938856 12.000000 NORMAL: 1.000000 0.000000 0.000000 TEXCOORD: 0.000000 0.000000
        POSITION: 8.962323 16.583008 0.000000 NORMAL: 0.000000 1.000000 0.000000 TEXCOORD: 0.000000 0.000000
        POSITION: -4.189736 16.583008 0.000000 NORMAL: 0.000000 1.000000 0.000000 TEXCOORD: 0.000000 0.000000
        POSITION: -4.189736 16.583008 12.000000 NORMAL: 0.000000 1.000000 0.000000 TEXCOORD: 0.000000 0.000000
        POSITION: 8.962323 16.583008 12.000000 NORMAL: 0.000000 1.000000 0.000000 TEXCOORD: 0.000000 0.000000
        POSITION: -4.189736 16.583008 0.000000 NORMAL: -1.000000 0.000000 0.000000 TEXCOORD: 0.000000 0.000000
        POSITION: -4.189736 4.938856 0.000000 NORMAL: -1.000000 0.000000 0.000000 TEXCOORD: 0.000000 0.000000
        POSITION: -4.189736 4.938856 12.000000 NORMAL: -1.000000 0.000000 0.000000 TEXCOORD: 0.000000 0.000000
        POSITION: -4.189736 16.583008 12.000000 NORMAL: -1.000000 0.000000 0.000000 TEXCOORD: 0.000000 0.000000
    TRIANGLECOUNT 12
        0 1 2
        2 3 0
        4 5 6
        6 7 4
        8 9 10
        10 11 8
        12 13 14
        14 15 12
        16 17 18
        18 19 16
        20 21 22
        22 23 20