TRIMESH "Box01"
    VERTEXCOUNT 24
        POSITION: -14.069345 -14.069345 0.000000 NORMAL: 0.000000 0.000000 -1.000000 TEXCOORD: 0.000000 0.000000
        POSITION: -14.069345 -2.881044 0.000000 NORMAL: 0.000000 0.000000 -1.000000 TEXCOORD: 0.000000 0.000000
        POSITION: -2.881044 -2.881044 0.000000 NORMAL: 0.000000 0.000000 -1.000000 TEXCOORD: 0.000000 0.000000
        POSITION: -2.881044 -14.069345 0.000000 NORMAL: 0.000000 0.000000 -1.000000 TEXCOORD: 0.000000 0.000000
        POSITION: -14.069345 -14.069345 18.000000 NORMAL: 0.000000 0.000000 1.000000 TEXCOORD: 0.000000 0.000000
        POSITION: -2.881044 -14.069345 18.000000 NORMAL: 0.000000 0.000000 1.000000 TEXCOORD: 0.000000 0.000000
        POSITION: -2.881044 -2.881044 18.000000 NORMAL: 0.000000 0.000000 1.000000 TEXCOORD: 0.000000 0.000000
        POSITION: -14.069345 -2.881044 18.000000 NORMAL: 0.000000 0.000000 1.000000 TEXCOORD: 0.000000 0.000000
        POSITION: -14.069345 -14.069345 0.000000 NORMAL: 0.000000 -1.000000 0.000000 TEXCOORD: 0.000000 0.000000
        POSITION: -2.881044 -14.069345 0.000000 NORMAL: 0.000000 -1.000000 0.000000 TEXCOORD: 0.000000 0.000000
        POSITION: -2.881044 -14.069345 18.000000 NORMAL: 0.000000 -1.000000 0.000000 TEXCOORD: 0.000000 0.000000
        POSITION: -14.069345 -14.069345 18.000000 NORMAL: 0.000000 -1.000000 0.000000 TEXCOORD: 0.000000 0.000000
        POSITION: -2.881044 -14.069345 0.000000 NORMAL: 1.000000 0.000000 0.000000 TEXCOORD: 0.000000 0.000000
        POSITION: -2.881044 -2.881044 0.000000 NORMAL: 1.000000 0.000000 0.000000 TEXCOORD: 0.000000 0.000000
        POSITION: -2.881044 -2.881044 18.000000 NORMAL: 1.000000 0.000000 0.000000 TEXCOORD: 0.000000 0.000000
        POSITION: -2.881044 -14.069345 18.000000 NORMAL: 1.000000 0.000000 0.000000 TEXCOORD: 0.000000 0.000000
        POSITION: -2.881044 -2.881044 0.000000 NORMAL: 0.000000 1.000000 0.000000 TEXCOORD: 0.000000 0.000000
        POSITION: -14.069345 -2.881044 0.000000 NORMAL: 0.000000 1.000000 0.000000 TEXCOORD: 0.000000 0.000000
        POSITION: -14.069345 -2.881044 18.000000 NORMAL: 0.000000 1.000000 0.000000 TEXCOORD: 0.000000 0.000000
        POSITION: -2.881044 -2.881044 18.000000 NORMAL: 0.000000 1.000000 0.000000 TEXCOORD: 0.000000 0.000000
        POSITION: -14.069345 -2.881044 0.000000 NORMAL: -1.000000 0.000000 0.000000 TEXCOORD: 0.000000 0.000000
        POSITION: -14.069345 -14.069345 0.000000 NORMAL: -1.000000 0.000000 0.000000 TEXCOORD: 0.000000 0.000000
        POSITION: -14.069345 -14.069345 18.000000 NORMAL: -1.000000 0.000000 0.000000 TEXCOORD: 0.000000 0.000000
        POSITION: -14.069345 -2.881044 18.000000 NORMAL: -1.000000 0.000000 0.000000 TEXCOORD: 0.000000 0.000000
    TRIANGLECOUNT 12
        0 1 2
        2 3 0
        4 5 6
        6 7 4
        8 9 10
        10 11 8
        12 13 14
        14 15 12
        16 17 18
        18 19 16
        20 21 22
        22 23 20
