TRIMESH "Box01"
    VERTEXCOUNT 24
        POSITION: -0.499000 -0.999000 0.001000 NORMAL: 0.000000 0.000000 -1.000000 TEXCOORD: 0.000000 0.000000
        POSITION: -0.499000 1.001000 0.001000 NORMAL: 0.000000 0.000000 -1.000000 TEXCOORD: 0.000000 0.000000
        POSITION: 0.501000 1.001000 0.001000 NORMAL: 0.000000 0.000000 -1.000000 TEXCOORD: 0.000000 0.000000
        POSITION: 0.501000 -0.999000 0.001000 NORMAL: 0.000000 0.000000 -1.000000 TEXCOORD: 0.000000 0.000000
        POSITION: -0.499000 -0.999000 1.001000 NORMAL: 0.000000 0.000000 1.000000 TEXCOORD: 0.000000 0.000000
        POSITION: 0.501000 -0.999000 1.001000 NORMAL: 0.000000 0.000000 1.000000 TEXCOORD: 0.000000 0.000000
        POSITION: 0.501000 1.001000 1.001000 NORMAL: 0.000000 0.000000 1.000000 TEXCOORD: 0.000000 0.000000
        POSITION: -0.499000 1.001000 1.001000 NORMAL: 0.000000 0.000000 1.000000 TEXCOORD: 0.000000 0.000000
        POSITION: -0.499000 -0.999000 0.001000 NORMAL: 0.000000 -1.000000 0.000000 TEXCOORD: 0.000000 0.000000
        POSITION: 0.501000 -0.999000 0.001000 NORMAL: 0.000000 -1.000000 0.000000 TEXCOORD: 0.000000 0.000000
        POSITION: 0.501000 -0.999000 1.001000 NORMAL: 0.000000 -1.000000 0.000000 TEXCOORD: 0.000000 0.000000
        POSITION: -0.499000 -0.999000 1.001000 NORMAL: 0.000000 -1.000000 0.000000 TEXCOORD: 0.000000 0.000000
        POSITION: 0.501000 -0.999000 0.001000 NORMAL: 1.000000 0.000000 0.000000 TEXCOORD: 0.000000 0.000000
        POSITION: 0.501000 1.001000 0.001000 NORMAL: 1.000000 0.000000 0.000000 TEXCOORD: 0.000000 0.000000
        POSITION: 0.501000 1.001000 1.001000 NORMAL: 1.000000 0.000000 0.000000 TEXCOORD: 0.000000 0.000000
        POSITION: 0.501000 -0.999000 1.001000 NORMAL: 1.000000 0.000000 0.000000 TEXCOORD: 0.000000 0.000000
        POSITION: 0.501000 1.001000 0.001000 NORMAL: 0.000000 1.000000 0.000000 TEXCOORD: 0.000000 0.000000
        POSITION: -0.499000 1.001000 0.001000 NORMAL: 0.000000 1.000000 0.000000 TEXCOORD: 0.000000 0.000000
        POSITION: -0.499000 1.001000 1.001000 NORMAL: 0.000000 1.000000 0.000000 TEXCOORD: 0.000000 0.000000
        POSITION: 0.501000 1.001000 1.001000 NORMAL: 0.000000 1.000000 0.000000 TEXCOORD: 0.000000 0.000000
        POSITION: -0.499000 1.001000 0.001000 NORMAL: -1.000000 0.000000 0.000000 TEXCOORD: 0.000000 0.000000
        POSITION: -0.499000 -0.999000 0.001000 NORMAL: -1.000000 0.000000 0.000000 TEXCOORD: 0.000000 0.000000
        POSITION: -0.499000 -0.999000 1.001000 NORMAL: -1.000000 0.000000 0.000000 TEXCOORD: 0.000000 0.000000
        POSITION: -0.499000 1.001000 1.001000 NORMAL: -1.000000 0.000000 0.000000 TEXCOORD: 0.000000 0.000000
    TRIANGLECOUNT 12
        0 1 2
        2 3 0
        4 5 6
        6 7 4
        8 9 10
        10 11 8
        12 13 14
        14 15 12
        16 17 18
        18 19 16
        20 21 22
        22 23 20

